TestRun1
Initial values
41, 467, 334, 500, 169, 724, 478, 358, 962, 464

705, 145, 281, 827, 961, 491, 995, 942, 827, 436

391, 604, 902, 153, 292, 382, 421, 716, 718, 895

447, 726, 771, 538, 869, 912, 667, 299, 35, 894

703, 811, 322, 333, 673, 664, 141, 711, 253, 868

Results from SelectionSort: 
35, 41, 141, 145, 153, 169, 253, 281, 292, 299

322, 333, 334, 358, 382, 391, 421, 436, 447, 464

467, 478, 491, 500, 538, 604, 664, 667, 673, 703

705, 711, 716, 718, 724, 726, 771, 811, 827, 827

869, 894, 895, 902, 912, 942, 961, 962, 995, 868

Execution time in seconds = 4.8e-06

Results from BubbleSort: 
35, 41, 141, 145, 153, 169, 253, 281, 292, 299

322, 333, 334, 358, 382, 391, 421, 436, 447, 464

467, 478, 491, 500, 538, 604, 664, 667, 673, 703

705, 711, 716, 718, 724, 726, 771, 811, 827, 827

869, 894, 895, 902, 912, 942, 961, 962, 995, 868

Execution time in seconds = 7.1e-06

Results from MergeSort: 
35, 41, 141, 145, 153, 169, 253, 281, 292, 299

322, 333, 334, 358, 382, 391, 421, 436, 447, 464

467, 478, 491, 500, 538, 604, 664, 667, 673, 703

705, 711, 716, 718, 724, 726, 771, 811, 827, 827

868, 869, 894, 895, 902, 912, 942, 961, 962, 995

Execution time in seconds = 4.8e-06

Results from HeapSort: 
724, 467, 500, 169, 705, 478, 358, 962, 464, 604

145, 281, 827, 961, 491, 995, 942, 827, 436, 391

334, 902, 153, 868, 382, 421, 716, 718, 895, 447

726, 771, 538, 869, 912, 667, 299, 35, 894, 703

811, 322, 333, 673, 664, 141, 711, 253, 771, 41

Execution time in seconds = 8e-07

